0 0 278 40 366 344
0 130 40 312 174 253
0 0 40 130 364 313
0 0 162 278 66 67
0 0 68 278 366 66
0 0 240 322 67 17
0 0 162 40 308 322
0 0 40 66 366 65
0 0 65 40 312 307
0 0 278 40 306 65
0 0 278 67 68 93
0 0 65 61 67 23
0 0 162 163 299 323
0 278 0 67 162 66
0 278 0 40 313 162
0 278 206 0 205 68
0 0 278 162 67 61
0 93 259 0 344 78
1 24 3 286 16 2
1 1 127 354 266 303
1 289 1 319 379 57
1 1 103 149 256 355
1 230 252 1 345 338
2 373 355 7 2 91
2 292 365 111 352 107
2 2 140 9 331 304
2 2 354 352 91 9
2 140 2 16 242 51
2 277 2 234 396 391
2 396 2 140 264 143
